  19     178963    0.217479512095    0.183150127530
  19     178964    0.253347963095    0.183150127530
  19     178965    0.265663176775    0.183150127530
  19     178966    0.279695689678    0.183150127530
  19     178967    0.328057229519    0.183150127530
  19     178968    0.443484753370    0.183150127530
  19     178969    0.566700935364    0.183150127530
  19     178970    0.567889273167    0.183150127530
  26     178971    0.620675027370    0.151973679662
  26     178972    0.623256087303    0.151973679662
  26     178973    0.569126546383    0.151973679662
  26     178974    0.564140439034    0.151973679662
  26     178975    0.387071728706    0.151973679662
  26     178976    0.336454451084    0.151973679662
  26     178977    0.294400244951    0.151973679662
  26     178978    0.205674916506    0.151973679662
  26     178979    0.192398428917    0.151973679662
  26     178980    0.173887073994    0.151973679662
  19     406157    0.213705390692    0.183150127530
  19     406158    0.240357711911    0.183150127530
  19     406159    0.245311394334    0.183150127530
  19     406160    0.266446053982    0.183150127530
  19     406161    0.303080350161    0.183150127530
  19     406162    0.433498799801    0.183150127530
  19     406163    0.503262877464    0.183150127530
  19     406164    0.506674468517    0.183150127530
  26     406165    0.544778704643    0.151973679662
  26     406166    0.522341549397    0.151973679662
  26     406167    0.514381349087    0.151973679662
  26     406168    0.490993350744    0.151973679662
  26     406169    0.322912275791    0.151973679662
  26     406170    0.294103354216    0.151973679662
  26     406171    0.245422139764    0.151973679662
  26     406172    0.169811666012    0.151973679662
  26     406173    0.161588132381    0.151973679662
  19     442938    0.226140066981    0.183150127530
  19     442939    0.265612900257    0.183150127530
  19     442940    0.266447991133    0.183150127530
  26     442941    0.287113875151    0.151973679662
  26     442942    0.287113875151    0.151973679662
  26     442943    0.287113875151    0.151973679662
  26     442944    0.261138230562    0.151973679662
  26     442945    0.165565505624    0.151973679662
  26     442946    0.157521471381    0.151973679662
  19     918115    0.190508872271    0.183150127530
  19     918116    0.261224180460    0.183150127530
  19     918117    0.327980220318    0.183150127530
  19     918118    0.344754815102    0.183150127530
  19     918119    0.377654671669    0.183150127530
  19     918120    0.465067148209    0.183150127530
  19     918121    0.660425722599    0.183150127530
  19     918122    0.717124640942    0.183150127530
  19     918123    0.717124640942    0.183150127530
  19     918124    0.717124640942    0.183150127530
  19     918125    0.717124640942    0.183150127530
  19     918126    0.717124640942    0.183150127530
  19     918127    0.551786243916    0.183150127530
  26     918128    0.357479155064    0.151973679662
  26     918129    0.338061153889    0.151973679662
  26     918130    0.312497317791    0.151973679662
  26     918131    0.263351976871    0.151973679662
  26     918132    0.236544549465    0.151973679662
  26     918133    0.201705157757    0.151973679662
  26     918134    0.168316721916    0.151973679662
  19    3195603    0.206334754825    0.183150127530
  19    3195604    0.231109112501    0.183150127530
  19    3195605    0.244597330689    0.183150127530
  19    3195606    0.266936719418    0.183150127530
  19    3195607    0.294103562832    0.183150127530
  19    3195608    0.368695437908    0.183150127530
  19    3195609    0.465769946575    0.183150127530
  19    3195610    0.471400260925    0.183150127530
  26    3195611    0.493545234203    0.151973679662
  26    3195612    0.493545234203    0.151973679662
  26    3195613    0.493545234203    0.151973679662
  26    3195614    0.479605376720    0.151973679662
  26    3195615    0.329213500023    0.151973679662
  26    3195616    0.291777849197    0.151973679662
  26    3195617    0.250145435333    0.151973679662
  26    3195618    0.191860124469    0.151973679662
  26    3195619    0.170778706670    0.151973679662
  26    3195620    0.153814285994    0.151973679662
  19    7579366    0.220255032182    0.183150127530
  19    7579367    0.256916373968    0.183150127530
  19    7579368    0.269682019949    0.183150127530
  19    7579369    0.311258852482    0.183150127530
  19    7579370    0.348279923201    0.183150127530
  19    7579371    0.470323801041    0.183150127530
  19    7579372    0.534499347210    0.183150127530
  19    7579373    0.534499347210    0.183150127530
  26    7579374    0.537959158421    0.151973679662
  26    7579375    0.537959158421    0.151973679662
  19    7579376    0.534499347210    0.183150127530
  26    7579377    0.475332766771    0.151973679662
  26    7579378    0.332644462585    0.151973679662
  26    7579379    0.310543149710    0.151973679662
  26    7579380    0.266701668501    0.151973679662
  26    7579381    0.206736773252    0.151973679662
  26    7579382    0.193306416273    0.151973679662
  26    7579383    0.169760674238    0.151973679662
